
Ian M. Newsome
Wake Forest University

Data for quantum current "< J >" corresponding to times "t" from qt=0 to qt=50 with tstep=10^-3 but saved only for every 50 steps

4.71193286142743e-19
0.000385074269453639
0.00149237315335691
0.00325668423067130
0.00562044791984866
0.00853246819113799
0.0119468797830612
0.0158223137891827
0.0201212181384473
0.0248093001676763
0.0298550662884242
0.0352294395103976
0.0409054398829869
0.0468579161527796
0.0530633193984919
0.0594995112941966
0.0661456011131760
0.0729818067255779
0.0799893357371398
0.0871502836246215
0.0944475462860155
0.101864744873451
0.109386161138921
0.116996681814083
0.124681750782435
0.132427327993794
0.140219854227292
0.148046220936736
0.155893744515527
0.163750144403376
0.171603524525634
0.179442357612127
0.187255471988106
0.195032040466609
0.202761571002297
0.210433898791513
0.218039179524720
0.225567883515868
0.233010790450039
0.240358984507107
0.247603849635508
0.254737064767921
0.261750598789989
0.268636705094809
0.275387915580490
0.281997033975346
0.288457128405968
0.294761523156814
0.300903789606278
0.306877736362407
0.312677398661368
0.318297027131826
0.323731076068162
0.328974191393102
0.334021198524747
0.338867090392906
0.343507015873207
0.347936268923840
0.352150278717621
0.356144601060099
0.359914911372835
0.363456999498275
0.366766766550224
0.369840223991167
0.372673495066329
0.375262818665541
0.377604555619275
0.379695197367169
0.381531376868022
0.383109881552210
0.384427668053577
0.385481878400166
0.386269857294547
0.386789170076492
0.387037620935337
0.387013270927525
0.386714455357105
0.386139800093441
0.385288236430467
0.384159014134233
0.382751712378632
0.381066248331153
0.379102883218341
0.376862225772482
0.374345233033328
0.371553208549537
0.368487798090888
0.365150983042160
0.361545071701353
0.357672688746444
0.353536763166112
0.349140514969607
0.344487440999603
0.339581300169902
0.334426098437815
0.329026073800604
0.323385681577514
0.317509580205430
0.311402617738933
0.305069819205753
0.298516374928326
0.291747629882538
0.284769074127298
0.277586334304138
0.270205166175574
0.262631448145040
0.254871175680068
0.246930456544249
0.238815506732126
0.230532646994589
0.222088299839736
0.213488986895455
0.204741326524311
0.195852031588320
0.186827907270153
0.177675848867516
0.168402839488854
0.159015947589951
0.149522324302671
0.139929200518238
0.130243883697983
0.120473754394234
0.110626262472589
0.100708923034503
0.0907293120455320
0.0806950616798534
0.0706138553960742
0.0604934227624141
0.0503415340517810
0.0401659946286750
0.0299746391505755
0.0197753256066830
0.00957592921635601
-0.000615663791134312
-0.0107915624951071
-0.0209438776812423
-0.0310647283011005
-0.0411462479776718
-0.0511805915428274
-0.0611599415943095
-0.0710765150615314
-0.0809225697709258
-0.0906904110030765
-0.100372398034984
-0.109960950661927
-0.119448555694173
-0.128827773424331
-0.138091244061599
-0.147231694129117
-0.156241942820673
-0.165114908312525
-0.173843614025608
-0.182421194832728
-0.190840903204335
-0.199096115285686
-0.207180336897066
-0.215087209447831
-0.222810515754038
-0.230344185748635
-0.237682302072515
-0.244819105534222
-0.251749000425911
-0.258466559683116
-0.264966529876132
-0.271243836021383
-0.277293586201636
-0.283111075985121
-0.288691792634243
-0.294031419095915
-0.299125837766460
-0.303971134025049
-0.308563599530613
-0.312899735277820
-0.316976254408405
-0.320790084774411
-0.324338371250335
-0.327618477791120
-0.330627989233095
-0.333364712835065
-0.335826679556718
-0.338012145072173
-0.339919590516589
-0.341547722965123
-0.342895475644407
-0.343962007878469
-0.344746704773083
-0.345249176644696
-0.345469258202936
-0.345407007498248
-0.345062704649214
-0.344436850366724
-0.343530164294759
-0.342343583189578
-0.340878258960717
-0.339135556598172
-0.337117052010245
-0.334824529796082
-0.332259980975482
-0.329425600696430
-0.326323785937992
-0.322957133222664
-0.319328436348486
-0.315440684146876
-0.311297058267805
-0.306900930989521
-0.302255863045949
-0.297365601460938
-0.292234077375251
-0.286865403849437
-0.281263873623602
-0.275433956813703
-0.269380298523406
-0.263107716350544
-0.256621197767919
-0.249925897359653
-0.243027133895912
-0.235930387231331
-0.228641295014771
-0.221165649201023
-0.213509392357752
-0.205678613763851
-0.197679545298239
-0.189518557120452
-0.181202153146991
-0.172736966329225
-0.164129753740518
-0.155387391481617
-0.146516869414401
-0.137525285734891
-0.128419841396821
-0.119207834397241
-0.109896653935523
-0.100493774456808
-0.0910067495903785
-0.0814432059928117
-0.0718108371049226
-0.0621173968306056
-0.0523706931447658
-0.0425785816364963
-0.0327489589926972
-0.0228897564263661
-0.0130089330528257
-0.00311446921636282
0.00678564023109401
0.0166833926982118
0.0265707846689387
0.0364398185635452
0.0462825096460683
0.0560908929782849
0.0658570304200512
0.0755730176754046
0.0852309913830865
0.0948231362490952
0.104341692217578
0.113778961674675
0.123127316678019
0.132379206202247
0.141527163388320
0.150563812781637
0.159481877540731
0.168274186595232
0.176933681728366
0.185453424555978
0.193826603370915
0.202046539818655
0.210106695367606
0.218000677535541
0.225722245832458
0.233265317379796
0.240623972166633
0.247792457905365
0.254765194452438
0.261536777764157
0.268101983363242
0.274455769298956
0.280593278591768
0.286509841162881
0.292200975258990
0.297662388393354
0.302889977835233
0.307879830690406
0.312628223625786
0.317131622300457
0.321386680573326
0.325390239563805
0.329139326646028
0.332631154458759
0.335863120012435
0.338832803971121
0.341537970181067
0.343976565508804
0.346146720040641
0.348046747682386
0.349675147183505
0.351030603594271
0.352111990148245
0.352918370546402
0.353449001603724
0.353703336205035
0.353681026504398
0.353381927292161
0.352806099446300
0.351953813379679
0.350825552393105
0.349422015845006
0.347744122052278
0.345793010843450
0.343570045693615
0.341076815381283
0.338315135118908
0.335287047121666
0.331994820592070
0.328440951110966
0.324628159437980
0.320559389735824
0.316237807243254
0.311666795430054
0.306849952674463
0.301791088508749
0.296494219481898
0.290963564690284
0.285203541027057
0.279218758199716
0.273014013562692
0.266594286808010
0.259964734552904
0.253130684858047
0.246097631705075
0.238871229456553
0.231457287316628
0.223861763805333
0.216090761255317
0.208150520335534
0.200047414603231
0.191787945082406
0.183378734864978
0.174826523729037
0.166138162767602
0.157320609020552
0.148380920102396
0.139326248818633
0.130163837763963
0.120901013896369
0.111545183081934
0.102103824606141
0.0925844856484097
0.0829947757175754
0.0733423610467073
0.0636349589464716
0.0538803321167988
0.0440862829167833
0.0342606475931168
0.0244112904670959
0.0145460980800412
0.00467297329648596
-0.00520017063624014
-0.0150654160741689
-0.0249148470117657
-0.0347405551700565
-0.0445346461430531
-0.0542892456087238
-0.0639965056116494
-0.0736486109252501
-0.0832377855018802
-0.0927562990191522
-0.102196473530496
-0.111550690227015
-0.120811396316196
-0.129971112020745
-0.139022437698010
-0.147958061076669
-0.156770764602974
-0.165453432883813
-0.173999060208005
-0.182400758121180
-0.190651763022947
-0.198745443748454
-0.206675309089901
-0.214435015207314
-0.222018372872554
-0.229419354485850
-0.236632100801033
-0.243650927293973
-0.250470330108812
-0.257084991518823
-0.263489784843020
-0.269679778766224
-0.275650241018965
-0.281396641384385
-0.286914654011975
-0.292200159031933
-0.297249243479158
-0.302058201551756
-0.306623534244422
-0.310941948412533
-0.315010355336678
-0.318825868869703
-0.322385803258428
-0.325687670739545
-0.328729179013229
-0.331508228699431
-0.334022910878916
-0.336271504815574
-0.338252475947615
-0.339964474223295
-0.341406332842805
-0.342577067451802
-0.343475875814893
-0.344102137979223
-0.344455416921037
-0.344535459650448
-0.344342198734358
-0.343875754183482
-0.343136435637873
-0.342124744776364
-0.340841377869486
-0.339287228391596
-0.337463389608435
-0.335371157057452
-0.333012030843985
-0.330387717682217
-0.327500132618579
-0.324351400384944
-0.320943856338867
-0.317280046959339
-0.313362729876675
-0.309194873425733
-0.304779655720723
-0.300120463258738
-0.295220889065938
-0.290084730406748
-0.284715986080866
-0.279118853336398
-0.273297724429493
-0.267257182862014
-0.261001999328585
-0.254537127404066
-0.247867699000410
-0.240999019620552
-0.233936563434294
-0.226685968198995
-0.219253030045153
-0.211643698144733
-0.203864069277568
-0.195920382309149
-0.187819012591222
-0.179566466294761
-0.171169374683736
-0.162634488336704
-0.153968671322290
-0.145178895333995
-0.136272233788909
-0.127255855894616
-0.118137020688003
-0.108923071049424
-0.0996214276952562
-0.0902395831516921
-0.0807850957120996
-0.0712655833800963
-0.0616887177999349
-0.0520622181753740
-0.0423938451777341
-0.0326913948431056
-0.0229626924581268
-0.0132155864329549
-0.00345794215926933
0.00630236414969957
0.0160574516410210
0.0257994410305624
0.0355204608438346
0.0452126536957076
0.0548681826162657
0.0644792374307391
0.0740380412018718
0.0835368567432931
0.0929679932123640
0.102323812790416
0.111596737457490
0.120779255867099
0.129863930324554
0.138843403869693
0.147710407461631
0.156457767258944
0.165078411984217
0.173565380356487
0.181911828569250
0.190111037785536
0.198156421614880
0.206041533530515
0.213760074178634
0.221305898525499
0.228673022782928
0.235855631048368
0.242848081592932
0.249644912729284
0.256240848192077
0.262630801966157
0.268809882503031
0.274773396273193
0.280516850611944
0.286035955828140
0.291326626559503
0.296384982373883
0.301207347632812
0.305790250651643
0.310130422208408
0.314224793471074
0.318070493428961
0.321664845928782
0.325005366427258
0.328089758581360
0.330915910802115
0.333481892899528
0.335785952942994
0.337826514454760
0.339602174042970
0.341111699566074
0.342354028902599
0.343328269379539
0.344033697890517
0.344469761711367
0.344636079997118
0.344532445921751
0.344158829400540
0.343515380315934
0.342602432151626
0.341420505927187
0.339970314316645
0.338252765829574
0.336268968932801
0.334020235993768
0.331508086933614
0.328734252487738
0.325700676984489
0.322409520566962
0.318863160799168
0.315064193614262
0.311015433579585
0.306719913469179
0.302180883149915
0.297401807800996
0.292386365498213
0.287138444204480
0.281662138215465
0.275961744114643
0.270041756295315
0.263906862108193
0.257561936692605
0.251012037547209
0.244262398892583
0.237318425873609
0.230185688644501
0.222869916373636
0.215376991199808
0.207712942165836
0.199883939150140
0.191896286811831
0.183756418560691
0.175470890559309
0.167046375761666
0.158489657989731
0.149807626047674
0.141007267872004
0.132095664714803
0.123079985356860
0.113967480347280
0.104765476266191
0.0954813700074787
0.0861226230787203
0.0766967559159440
0.0672113422110417
0.0576740032498873
0.0480924022593257
0.0384742387608446
0.0288272429285901
0.0191591699485443
0.00947779437495410
-0.000209095521069321
-0.00989370341719541
-0.0195682306276448
-0.0292248818226521
-0.0388558707908693
-0.0484534262576535
-0.0580097977738043
-0.0675172616906709
-0.0769681272386356
-0.0863547427266139
-0.0956695018802068
-0.104904850335566
-0.114053292304449
-0.123107397423671
-0.132059807798636
-0.140903245246187
-0.149630518736498
-0.158234532026982
-0.166708291473712
-0.175044913997234
-0.183237635170649
-0.191279817388168
-0.199164958062768
-0.206886697792171
-0.214438828423487
-0.221815300939370
-0.229010233082157
-0.236017916628319
-0.242832824223608
-0.249449615689922
-0.255863143718602
-0.262068458871542
-0.268060813821334
-0.273835666774342
-0.279388684036347
-0.284715741698286
-0.289812926439552
-0.294676535467409
-0.299303075632841
-0.303689261784538
-0.307832014442988
-0.311728456895396
-0.315375911827317
-0.318771897619754
-0.321914124448402
-0.324800490325974
-0.327429077227440
-0.329798147432905
-0.331906140212684
-0.333751668964983
-0.335333518898787
-0.336650645333750
-0.337702172665796
-0.338487394023197
-0.339005771613197
-0.339256937735582
-0.339240696417267
-0.338957025601943
-0.338406079812445
-0.337588193189386
-0.336503882801025
-0.335153852113288
-0.333538994508044
-0.331660396739910
-0.329519342227973
-0.327117314087930
-0.324455997821415
-0.321537283592339
-0.318363268034963
-0.314936255552570
-0.311258759080419
-0.307333500300779
-0.303163409310039
-0.298751623749595
-0.294101487420929
-0.289216548412980
-0.284100556775245
-0.278757461773248
-0.273191408764714
-0.267406735734986
-0.261407969528563
-0.255199821811730
-0.248787184797734
-0.242175126762721
-0.235368887376902
-0.228373872871369
-0.221195651058021
-0.213839946216432
-0.206312633859266
-0.198619735385323
-0.190767412628135
-0.182761962306526
-0.174609810383266
-0.166317506337575
-0.157891717357377
-0.149339222457614
-0.140666906531239
-0.131881754340285
-0.122990844454753
-0.114001343147592
-0.104920498254307
-0.0957556330060709
-0.0865141398448645
-0.0772034742292657
-0.0678311484388088
-0.0584047253842633
-0.0489318124303096
-0.0394200552359870
-0.0298771316170655
-0.0203107454330307
-0.0107286204999060
-0.00113849452834555
0.00845188691529989
0.0180347764290781
0.0276024307828130
0.0371471169207034
0.0466611179690169
0.0561367392605136
0.0655663143888131
0.0749422113073677
0.0842568384886715
0.0935026511600248
0.102672157632352
0.111757925737873
0.120752589391467
0.129648855288280
0.138439509747277
0.147117425706552
0.155675569871150
0.164107010008332
0.172404922378331
0.180562599280747
0.188573456688562
0.196431041932447
0.204129041389029
0.211661288117815
0.219021769382419
0.226204633984197
0.233204199329893
0.240014958149789
0.246631584780434
0.253048940925560
0.259262080811758
0.265266255660549
0.271056917407899
0.276629721613620
0.281980529518507
0.287105409224467
0.292000635992674
0.296662691676821
0.301088263330553
0.305274241051478
0.309217715145816
0.312915972718212
0.316366493809164
0.319566947217521
0.322515186155414
0.325209243889127
0.327647329520565
0.329827824059231
0.331749276924671
0.333410403005598
0.334810080381584
0.335947348791233
0.336821408904190
0.337431622426360
0.337777513039140
0.337858768144819
0.337675241362550
0.337226955694921
0.336514107263084
0.335537069491100
0.334296397606761
0.332792833318564
0.331027309524837
0.329000954913876
0.326715098319775
0.324171272710018
0.321371218694776
0.318316887465204
0.315010443087166
0.311454264096253
0.307650944360984
0.303603293200179
0.299314334759349
0.294787306667038
0.290025658006778
0.285033046651639
0.279813336017141
0.274370591294511
0.268709075229470
0.262833243512214
0.256747739843458
0.250457390737109
0.243967200116198
0.237282343752298
0.230408163591972
0.223350162007313
0.216113996000129
0.208705471383402
0.201130536957062
0.193395278689946
0.185505913915368
0.177468785543854
0.169290356294039
0.160977202940427
0.152536010575831
0.143973566885543
0.135296756430469
0.126512554936768
0.117628023590356
0.108650303335583
0.0995866091783089
0.0904442244947499
0.0812304953480431
0.0719528248152870
0.0626186673282106
0.0532355230303635
0.0438109321538181
0.0343524694173396
0.0248677384470753
0.0153643662193797
0.00584999752346851
-0.00366771056031363
-0.0131810941733955
-0.0226824881922689
-0.0321642317541461
-0.0416186738096983
-0.0510381787201751
-0.0604151319186891
-0.0697419456575346
-0.0790110648649861
-0.0882149731360066
-0.0973461988813970
-0.106397321659189
-0.115360978710086
-0.124229871715833
-0.132996773794741
-0.141654536743055
-0.150196098523761
-0.158614490995893
-0.166902847868020
-0.175054412849100
-0.183062547958535
-0.190920741945889
-0.198622618758954
-0.206161945988120
-0.213532643204514
-0.220728790101159
-0.227744634339534
-0.234574599000047
-0.241213289533582
-0.247655500113675
-0.253896219294175
-0.259930634886688
-0.265754137985375
-0.271362326082246
-0.276751005236094
-0.281916191279816
-0.286854110074362
-0.291561196842632
-0.296034094641136
-0.300269652051127
-0.304264920193329
-0.308017149188877
-0.311523784205708
-0.314782461239669
-0.317791002786730
-0.320547413562814
-0.323049876423606
-0.325296748626113
-0.327286558559363
-0.329018003051616
-0.330489945338561
-0.331701413750819
-0.332651601152248
-0.333339865131675
-0.333765728923691
-0.333928883008915
-0.333829187320212
-0.333466673963021
-0.332841550341745
-0.331954202574680
-0.330805199073665
-0.329395294163740
-0.327725431622695
-0.325796748027708
-0.323610575808072
-0.321168445917576
-0.318472090056249
-0.315523442389173
-0.312324640727111
-0.308878027152337
-0.305186148087330
-0.301251753820414
-0.297077797512697
-0.292667433720907
-0.288024016477369
-0.283151096972462
-0.278052420885935
-0.272731925413135
-0.267193736029084
-0.261442163028743
-0.255481697876881
-0.249317009394086
-0.242952939799767
-0.236394500626179
-0.229646868511943
-0.222715380878819
-0.215605531490999
-0.208322965893543
-0.200873476724544
-0.193262998894996
-0.185497604630349
-0.177583498368932
-0.169527011514169
-0.161334597039916
-0.153012823950829
-0.144568371602488
-0.136008023888923
-0.127338663307778
-0.118567264915810
-0.109700890189324
-0.100746680805857
-0.0917118523643883
-0.0826036880619825
-0.0734295323447353
-0.0641967845505098
-0.0549128925600219
-0.0455853464714315
-0.0362216723119020
-0.0268294257974540
-0.0174161861500592
-0.00798954997836052
0.00144287477460893
0.0108734748161750
0.0202946374239339
0.0296987563066906
0.0390782374154323
0.0484255047165378
0.0577330059423889
0.0669932183373285
0.0761986544193949
0.0853418677802219
0.0944154589470147
0.103412081331316
0.112324447289128
0.121145334316103
0.129867591399365
0.138484145544230
0.146988008489664
0.155372283620527
0.163630173077375
0.171754985056410
0.179740141282571
0.187579184628553
0.195265786841224
0.202793756325897
0.210157045927455
0.217349760636526
0.224366165139671
0.231200691123887
0.237847944240239
0.244302710627728
0.250559962898445
0.256614865487786
0.262462779280402
0.268099265432936
0.273520088328780
0.278721217617403
0.283698829311968
0.288449305941612
0.292969235779868
0.297255411196544
0.301304826205936
0.305114673308881
0.308682339748214
0.312005403316822
0.315081627871805
0.317908958718731
0.320485518034206
0.322809600493833
0.324879669264878
0.326694352509831
0.328252440528617
0.329552883643076
0.330594790900719
0.331377429644162
0.331900225961302
0.332162765999197
0.332164798093674
0.331906235638448
0.331387160591745
0.330607827497960
0.329568667886000
0.328270294895480
0.326713507977480
0.324899297518020
0.322828849238800
0.320503548241419
0.317924982576372
0.315094946238260
0.312015441508312
0.308688680588884
0.305117086496959
0.301303293205572
0.297250145042680
0.292960695375037
0.288438204620525
0.283686137644002
0.278708160600668
0.273508137297193
0.268090125141921
0.262458370755534
0.256617305310013
0.250571539658145
0.244325859309060
0.237885219296880
0.231254738981064
0.224439696808363
0.217445525057359
0.210277804579600
0.202942259544039
0.195444752185662