
Ian M. Newsome
Wake Forest University

Data for quantum current "< J >" corresponding to times "t" from qt=-10 to qt=50 with tstep=10^-3 but saved only for every 50 steps

-1.35468069766039e-17
1.35682046718457e-11
5.61488868668196e-11
1.30759342020295e-10
2.40711974618828e-10
3.89643433852521e-10
5.81551837536464e-10
8.20832932513793e-10
1.11232283499314e-09
1.46134481165781e-09
1.87375868048137e-09
2.35602024382795e-09
2.91524189589783e-09
3.55926285566873e-09
4.29672747015657e-09
5.13716494963119e-09
6.09108879230416e-09
7.17009764115205e-09
8.38698872136620e-09
9.75588592067434e-09
1.12923804421196e-08
1.30136841187357e-08
1.49387962439813e-08
1.70887019845273e-08
1.94865720114609e-08
2.21579960621111e-08
2.51312405251546e-08
2.84375249495100e-08
3.21113394381689e-08
3.61907820861184e-08
4.07179440025607e-08
4.57393294648507e-08
5.13063180361473e-08
5.74756778246600e-08
6.43101360801359e-08
7.18790037394716e-08
8.02588676597844e-08
8.95343592749736e-08
9.97989990275364e-08
1.11156130519882e-07
1.23719958893735e-07
1.37616689919111e-07
1.52985791848005e-07
1.69981394418303e-07
1.88773830604374e-07
2.09551337540171e-07
2.32521944175018e-07
2.57915552153457e-07
2.85986238334211e-07
3.17014792352534e-07
3.51311534498306e-07
3.89219416820273e-07
4.31117456112843e-07
4.77424529966648e-07
5.28603566924206e-07
5.85166181395642e-07
6.47677797806014e-07
7.16763300340256e-07
7.93113296952237e-07
8.77491029446187e-07
9.70740011131260e-07
1.07379247115204e-06
1.18767868532605e-06
1.31353728737701e-06
1.45262666647004e-06
1.60633756032160e-06
1.77620697759522e-06
1.96393357851547e-06
2.17139467953914e-06
2.40066504153628e-06
2.65403763307139e-06
2.93404658207806e-06
3.24349253700398e-06
3.58547069480102e-06
3.96340178318241e-06
4.38106629093791e-06
4.84264230233500e-06
5.35274731459651e-06
5.91648444516791e-06
6.53949350434199e-06
7.22800742932513e-06
7.98891466752317e-06
8.82982810258187e-06
9.75916123949415e-06
1.07862123980797e-05
1.19212577508739e-05
1.31756541548616e-05
1.45619527854597e-05
1.60940247237108e-05
1.77871997391094e-05
1.96584196704360e-05
2.17264079196413e-05
2.40118567737647e-05
2.65376344044938e-05
2.93290136301018e-05
3.24139247197683e-05
3.58232347585922e-05
3.95910563721293e-05
4.37550888850231e-05
4.83569953231562e-05
5.34428190146649e-05
5.90634439473094e-05
6.52751034718220e-05
7.21399424185124e-05
7.97266382267741e-05
8.81110872658423e-05
9.73771631793837e-05
0.000107617554794652
0.000118934691914824
0.000131441768188165
0.000145263871203050
0.000160539231002065
0.000177420599375339
0.000196076773577522
0.000216694279501496
0.000239479230920221
0.000264659383091526
0.000292486400909806
0.000323238363857664
0.000357222532272632
0.000394778401933523
0.000436281076728936
0.000482144992142055
0.000532828025605466
0.000588836033352080
0.000650727857351907
0.000719120850213666
0.000794696970622223
0.000878209506995506
0.000970490492611987
0.00107245888146610
0.00118512956066650
0.00130962328221410
0.00144717760461190
0.00159915894287393
0.00176707583423449
0.00195259353608789
0.00215755008249485
0.00238397393589032
0.00263410338132751
0.00291040782170000
0.00321561114364971
0.00355271733522624
0.00392503854750458
0.00433622580303002
0.00479030256372493
0.00529170137928930
0.00584530384349104
0.00645648408932182
0.00713115605378861
0.00787582473793188
0.00869764167607601
0.00960446480849390
0.0106049229215511
0.0117084847764019
0.0129255329884410
0.0142674426414234
0.0157466645183924
0.0173768127014584
0.0191727561287693
0.0211507134935390
0.0233283506201808
0.0257248791490950
0.0283611549970057
0.0312597746261683
0.0344451666460662
0.0379436756788209
0.0417836347400177
0.0459954216181455
0.0506114938810173
0.0556663962050752
0.0611967327305244
0.0672410961196583
0.0738399439794726
0.0810354123612929
0.0888710552483916
0.0973914983884888
0.106641995646793
0.116667876395807
0.127513873490307
0.139223323283656
0.151837232111385
0.165393207870708
0.179924260892018
0.195457485291155
0.212012640364055
0.229600661147663
0.248222137652105
0.267865812891677
0.288507159915224
0.310107106574976
0.332610982653991
0.355947766032155
0.380029701739384
0.404752359211368
0.429995178448968
0.455622535294062
0.481485330565081
0.507423078937917
0.533266443414822
0.558840132600917
0.583966053518126
0.608466594798369
0.632167905694807
0.654903036450433
0.676514815171516
0.696858354454310
0.715803105725949
0.733234408110927
0.749054508899065
0.763183061747570
0.775557134377350
0.786130778108907
0.794874226217234
0.801772796550150
0.806825576527172
0.810043966332904
0.811450149924419
0.811075554571307
0.808959349188612
0.805147020719072
0.799689057089076
0.792639755402403
0.784056165434452
0.773997171348060
0.762522708918356
0.749693111364619
0.735568574000598
0.720208726147905
0.703672297907557
0.686016869252673
0.667298689304789
0.647572554424585
0.626891734747821
0.605307939919548
0.582871315939316
0.559630466166150
0.535632490601791
0.510923038548397
0.485546370608405
0.459545426755411
0.432961897857768
0.405836298588153
0.378208040111370
0.350115501320517
0.321596097698611
0.292686347129854
0.263421932181542
0.233837758532812
0.203968009347779
0.173846195484356
0.143505201501646
0.112977327482762
0.0822943267295890
0.0514874394146276
0.0205874222946520
-0.0103754253963472
-0.0413712397500823
-0.0723705735546321
-0.103344381104113
-0.134264006319911
-0.165101174057943
-0.195827984478096
-0.226416910352545
-0.256840797187961
-0.287072866032063
-0.317086718826414
-0.346856346154382
-0.376356137214965
-0.405560891829498
-0.434445834258975
-0.462986628575003
-0.491159395288122
-0.518940728894312
-0.546307715955679
-0.573237953286943
-0.599709565777958
-0.625701223347482
-0.651192156498455
-0.676162169933987
-0.700591653700001
-0.724461591349098
-0.747753564673451
-0.770449754635347
-0.792532938233134
-0.813986481177836
-0.834794326419074
-0.854940978744339
-0.874411485876528
-0.893191416702469
-0.911266837470157
-0.928624286981767
-0.945250751971793
-0.961133643980637
-0.976260779102903
-0.990620361994693
-1.00420097545897
-1.01699157678720
-1.02898150182016
-1.04016047740510
-1.05051864258148
-1.06004657843636
-1.06873534615506
-1.07657653237130
-1.08356230052240
-1.08968544655970
-1.09493945707818
-1.09931856773092
-1.10281781969929
-1.10543311200759
-1.10716124760383
-1.10799997137098
-1.10794799857368
-1.10700503266408
-1.10517177184519
-1.10244990429092
-1.09884209242250
-1.09435194710953
-1.08898399307697
-1.08274362713354
-1.07563707107582
-1.06767132125693
-1.05885409683572
-1.04919378864607
-1.03869941045634
-1.02738055414259
-1.01524734999345
-1.00231043302249
-0.988580915806404
-0.974070368015619
-0.958790802476896
-0.942754667320036
-0.925974843524987
-0.908464647007994
-0.890237834269364
-0.871308610569344
-0.851691639598531
-0.831402053657906
-0.810455463451831
-0.788867966715357
-0.766656155035106
-0.743837118370015
-0.720428446926640
-0.696448230185312
-0.671915053002383
-0.646847988826130
-0.621266590156665
-0.595190876452538
-0.568641319738534
-0.541638828202075
-0.514204728081021
-0.486360744146537
-0.458128979073513
-0.429531891970501
-0.400592276314221
-0.371333237502438
-0.341778170205899
-0.311950735666321
-0.281874839055080
-0.251574606976521
-0.221074365172012
-0.190398616455898
-0.159572018892685
-0.128619364206029
-0.0975655563942678
-0.0664355905139584
-0.0352545315821878
-0.00404749353965334
0.0271603817899725
0.0583439458136817
0.0894780644278672
0.120537639494985
0.151497630609663
0.182333077221788
0.213019121177376
0.243531029728018
0.273844219045978
0.303934278264380
0.333776994039902
0.363348375608981
0.392624680277875
0.421582439252180
0.450198483673349
0.478449970689341
0.506314409345129
0.533769686038048
0.560794089244958
0.587366333195340
0.613465580139150
0.639071460843236
0.664164092948002
0.688724096829002
0.712732608638592
0.736171290251427
0.759022335906168
0.781268475422680
0.802892973979075
0.823879628553079
0.844212761263631
0.863877209987021
0.882858316760696
0.901141914620632
0.918714313637549
0.935562287015328
0.951673058184351
0.967034289856167
0.981634075998546
0.995460937636221
1.00850382328220
1.02075211465592
1.03219563815223
1.04282468229436
1.05263002114419
1.06160294336489
1.06973528634869
1.07701947455054
1.08344856092241
1.08901627013835
1.09371704215039
1.09754607453129
1.10049936205017
1.10257373199388
1.10376687389045
1.10407736250428
1.10350467324637
1.10204918946149
1.09971220140043
1.09649589704031
1.09240334525789
1.08743847217268
1.08160603173847
1.07491157186315
1.06736139746463
1.05896253192335
1.04972267836742
1.03965018213157
1.02875399557406
1.01704364622931
1.00452920903353
0.991221283101867
0.977130973273455
0.962269876392033
0.946650072064498
0.930284117450477
0.913185045487135
0.895366365850614
0.876842067897501
0.857626624815677
0.837734998238121
0.817182642630087
0.795985508842261
0.774160046321785
0.751723203582430
0.728692426647295
0.705085655286088
0.680921316969763
0.656218318553845
0.630996035776204
0.605274300713929
0.579073387387325
0.552413995727342
0.525317234137669
0.497804600885786
0.469897964550719
0.441619543741142
0.412991886277921
0.384037848012060
0.354780571424029
0.325243464124991
0.295450177355546
0.265424584554082
0.235190760045367
0.204772957880533
0.174195590842710
0.143483209617824
0.112660482117468
0.0817521729302671
0.0507831228691122
0.0197782285744316
-0.0112375778724177
-0.0422393493763208
-0.0732021443503463
-0.104101047389024
-0.134911190150358
-0.165607772503281
-0.196166083994549
-0.226561525684148
-0.256769632390606
-0.286766095376947
-0.316526785493861
-0.346027776778905
-0.375245370488927
-0.404156119517524
-0.432736853120401
-0.460964701839502
-0.488817122482637
-0.516271922979787
-0.543307286902333
-0.569901797397969
-0.596034460264608
-0.621684725863227
-0.646832509553606
-0.671458210332086
-0.695542727356869
-0.719067474067567
-0.742014389641426
-0.764365947580805
-0.786105161294528
-0.807215586618543
-0.827681321318598
-0.847487001724583
-0.866617796761619
-0.885059399760480
-0.902798018545578
-0.919820364405711
-0.936113640645992
-0.951665531491120
-0.966464192155735
-0.980498240910932
-0.993756753952420
-1.00622926381384
-1.01790576196528
-1.02877670609537
-1.03883303239688
-1.04806617296850
-1.05646807821503
-1.06403124388827
-1.07074874217018
-1.07661425597379
-1.08162211543756
-1.08576733543005
-1.08904565277264
-1.09145356183955
-1.09298834721079
-1.09364811213748
-1.09343180172706
-1.09233921996251
-1.09037103992385
-1.08752880686777
-1.08381493412714
-1.07923269209724
-1.07378619086395
-1.06748035728215
-1.06032090751900
-1.05231431622254
-1.04346778355755
-1.03378920136251
-1.02328711962955
-1.01197071439616
-0.999849757976069
-0.986934592257863
-0.973236105578731
-0.958765713450904
-0.943535343195097
-0.927557422329609
-0.910844870387688
-0.893411093694151
-0.875269982532281
-0.856435910072306
-0.836923732413633
-0.816748789109429
-0.795926903589148
-0.774474382964560
-0.752408016791653
-0.729745074455564
-0.706503300943039
-0.682700910860825
-0.658356580643296
-0.633489438966591
-0.608119055446873
-0.582265427746264
-0.555948967241935
-0.529190483432786
-0.502011167265819
-0.474432573562457
-0.446476602716075
-0.418165481817675
-0.389521745349030
-0.360568215563242
-0.331327982652850
-0.301824384786291
-0.272080988075431
-0.242121566520186
-0.211970081961307
-0.181650664059026
-0.151187590303260
-0.120605266050540
-0.0899282045729812
-0.0591810070959354
-0.0283883427927971
0.00242507130193607
0.0332344905067211
0.0640151628851309
0.0947423498711425
0.125391347184936
0.155937506096539
0.186356255091732
0.216623121988217
0.246713756539681
0.276603953550464
0.306269676504149
0.335687081684918
0.364832542741994
0.393682675614636
0.422214363699505
0.450404783104872
0.478231427798872
0.505672134423202
0.532705106512788
0.559308937836694
0.585462634559613
0.611145635917817
0.636337833110809
0.661019586130733
0.685171738287312
0.708775628235274
0.731813099374213
0.754266506564708
0.776118720187193
0.797353127658245
0.817953632608940
0.837904652017635
0.857191111671157
0.875798440400552
0.893712563595982
0.910919896548832
0.927407338193999
0.943162265831233
0.958172531390654
0.972426459773388
0.985912849744170
0.998620977780807
1.01054060519407
1.02166198872614
1.03197589471427
1.04147361677474
1.05014699682204
1.05798844909363
1.06499098670740
1.07114825014262
1.07645453691244
1.08090483159359
1.08449483530528
1.08722099368957
1.08908052244643
1.09007142952109
1.09019253313147
1.08944347495618
1.08782472797664
1.08533759866978
1.08198422347284
1.07776755967431
1.07269137111369
1.06676020928142
1.05997939058857
1.05235497071084
1.04389371699675
1.03460307996034
1.02449116485333
1.01356670423559
1.00183903233944
0.989318061867151
0.976014263677291
0.961938649623964
0.947102758620091
0.931518645816674
0.915198874633316
0.898156511248362
0.880405121064674
0.861958766611210
0.842832006320505
0.823039893634236
0.802597975929180
0.781522292817231
0.759829373449596
0.737536232539761
0.714660364906485
0.691219738420698
0.667232785316273
0.642718391888985
0.617695886660456
0.592185027123227
0.566205985209608
0.539779331641816
0.512926019325605
0.485667365946619
0.458025035918832
0.430021021820908
0.401677625440238
0.373017438527043
0.344063323343831
0.314838393079399
0.285365992181440
0.255669676648755
0.225773194312361
0.195700465124398
0.165475561464956
0.135122688468707
0.104666164365775
0.0741304008243715
0.0435398832758008
0.0129191511958933
-0.0177072216894500
-0.0483146473129452
-0.0788785433324721
-0.109374353403474
-0.139777567707892
-0.170063743791162
-0.200208527756903
-0.230187675863912
-0.259977076561507
-0.289552772986543
-0.318890985928440
-0.347968137247352
-0.376760873705147
-0.405246091140125
-0.433400958884513
-0.461202944290677
-0.488629837198517
-0.515659774144563
-0.542271262084781
-0.568443201379882
-0.594154907775805
-0.619386133104823
-0.644117084435797
-0.668328441416385
-0.692001371575951
-0.715117543395282
-0.737659136997838
-0.759608852374640
-0.780949915120546
-0.801666079730441
-0.821741630577950
-0.841161380772942
-0.859910669166692
-0.877975355840757
-0.895341816476053
-0.911996936050839
-0.927928102357235
-0.943123199855078
-0.957570604397464
-0.971259179362177
-0.984178273706784
-0.996317722429919
-1.00766784986660
-1.01821947616926
-1.02796392722985
-1.03689304817897
-1.04499922046242
-1.05227538234073
-1.05871505249546
-1.06431235625768
-1.06906205381260
-1.07295956958734
-1.07600102190688
-1.07818325191756
-1.07950385073603
-1.07996118379147
-1.07955441139454
-1.07828350468717
-1.07614925629915
-1.07315328525340
-1.06929803590804
-1.06458677098784
-1.05902355902030
-1.05261325673974
-1.04536148723492
-1.03727461478379
-1.02835971742631
-1.01862455837291
-1.00807755732518
-0.996727762705186
-0.984584825654288
-0.971658976485899
-0.957961004072582
-0.943502238430619
-0.928294536551993
-0.912350271335767
-0.895682323303450
-0.878304074650768
-0.860229405098545
-0.841472688959432
-0.822048792831762
-0.801973073363270
-0.781261374588191
-0.759930024423892
-0.737995830007919
-0.715476071655912
-0.692388495317576
-0.668751303495093
-0.644583144662854
-0.619903101285355
-0.594730676571465
-0.569085780128113
-0.542988712686309
-0.516460150070046
-0.489521126566738
-0.462193017839224
-0.434497523497187
-0.406456649422517
-0.378092689920308
-0.349428209746670
-0.320486026047271
-0.291289190226009
-0.261860969752767
-0.232224829910959
-0.202404415479916
-0.172423532342933
-0.142306129008261
-0.112076278026945
-0.0817581572874958
-0.0513760311629322
-0.0209542314802019
0.00948286172415264
0.0399108397046366
0.0703052848126820
0.100641790661917
0.130895982710469
0.161043539318548
0.191060213336434
0.220921854270079
0.250604431058277
0.280084055476064
0.309337006153614
0.338339753168403
0.367068983132066
0.395501624652440
0.423614874008500
0.451386220832690
0.478793473554683
0.505814784325247
0.532428673112183
0.558614050644762
0.584350239881134
0.609616995687232
0.634394522446198
0.658663489364632
0.682405043304794
0.705600819048108
0.728232946980673
0.750284058282713
0.771737287794788
0.792576274819492
0.812785162193177
0.832348594022667
0.851251712524844
0.869480154429447
0.887020047407006
0.903858006967003
0.919981134236496
0.935377014982988
0.950033720189088
0.963939808427364
0.977084330223184
0.989456834536122
1.00104737743683
1.01184653300701
1.02184540644317
1.03103564929663
1.03940947673284
1.04695968663522
1.05367968031377
1.05956348450440
1.06460577426375
1.06880189627969
1.07214789203541
1.07464052019476
1.07627727752339
1.07705641763756
1.07697696688352
1.07603873670210
1.07424233192886
1.07158915461385
1.06808140311636
1.06372206642548
1.05851491386421
1.05246448054316
1.04557604911909
1.03785562857335
1.02930993084147
1.01994634619251
1.00977291826509
0.998798319623681
0.987031828602490
0.974483308066312
0.961163186550772
0.947082442057677
0.932252588594781
0.916685665370042
0.900394228395507
0.883391344130744
0.865690584707144
0.847306024224653
0.828252235601510
0.808544287478960
0.788197740734806
0.767228644230706
0.745653529502317
0.723489404192173
0.700753744111419
0.677464483897577
0.653640006302100
0.629299130195369
0.604461097413731
0.579145558595297
0.553372558159006
0.527162518579225
0.500536224095403
0.473514803978955
0.446119715458964
0.418372726386555
0.390295897697611
0.361911565716053
0.333242324324736
0.304311007020553
0.275140668862496
0.245754568316160
0.216176148995937
0.186429021304169
0.156536943965599
0.126523805454473
0.0964136053090251
0.0662304353252284
0.0359984606167372
0.00574190052203047
-0.0245149906672303
-0.0547479431903009
-0.0849326915548574
-0.115044994575464
-0.145060655765188
-0.174955544134248
-0.204705615447936
-0.234286933989260
-0.263675694860463
-0.292848246840083
-0.321781115789073
-0.350451028571573
-0.378834937422160
-0.406910044655152
-0.434653827572871
-0.462044063391171
-0.489058853964452
-0.515676650061501
-0.541876274919503
-0.567636946790003
-0.592938300188365
-0.617760405569476
-0.642083787177302
-0.665889438854301
-0.689158837647336
-0.711873955107490
-0.734017266248961
-0.755571756203907
-0.776520924680757
-0.796848788400735
-0.816539881747114
-0.835579255909840
-0.853952476845859
-0.871645622400047
-0.888645278943338
-0.904938537887437
-0.920512992429006
-0.935356734864391
-0.949458354801095
-0.962806938576978
-0.975392070179459
-0.987203833940467
-0.998232819260334
-1.00847012758503
-1.01790738182275
-1.02653673833140
-1.03435090153614
-1.04134314114301
-1.04750731180170
-1.05283787494076
-1.05732992235564
-1.06097920098662
-1.06378213818792
-1.06573586667422
-1.06683824824966
-1.06708789538844
-1.06648418975305
-1.06502729681068
-1.06271817584303
-1.05955858482919
-1.05555107991172
-1.05069900941068
-1.04500650261772
-1.03847845385814
-1.03112050253685
-1.02293901006529
-1.01394103468847
-1.00413430528443
-0.993527195191947
-0.982128697035788
-0.969948399376047
-0.956996465816378
-0.943283616987408
-0.928821115589481
-0.913620754454841
-0.897694847387131
-0.881056222369575
-0.863718216612426
-0.845694672838796
-0.826999936185966
-0.807648851125048
-0.787656757863839
-0.767039487791929
-0.745813357638204
-0.723995162129222
-0.701602165054519
-0.678652088749876
-0.655163102097533
-0.631153807209230
-0.606643225001241
-0.581650779891054
-0.556196283846706
-0.530299920002139
-0.503982226024392
-0.477264077380995
-0.450166670616153
-0.422711506704740
-0.394920374516564
-0.366815334393380
-0.338418701816903
-0.309753031130337
-0.280841099265929
-0.251705889427796
-0.222370574680154
-0.192858501394984
-0.163193172518658
-0.133398230622515
-0.103497440706591
-0.0735146727278719
-0.0434738838242615
-0.0133991002025937
0.0166856013461895
0.0467561123480280
0.0767883120135080
0.106758087129498
0.136641352535907
0.166414072249765
0.196052281294315
0.225532108280300
0.254829798768762
0.283921739418986
0.312784482891526
0.341394773435603
0.369729573043218
0.397766088001341
0.425481795621411
0.452854470874935
0.479862212619155
0.506483469061323
0.532697062088449
0.558482210083617
0.583818548864555
0.608686150415129
0.633065539137086
0.656937705425500
0.680284116464822
0.703086724247726
0.725327970930719
0.746990791750626
0.768058615829340
0.788515365279833
0.808345453091774
0.827533780312440
0.846065733046464
0.863927179776408
0.881104469456611
0.897584430760223
0.913354372772866
0.928402087329700
0.942715853100400
0.956284441441090
0.969097123964750
0.981143681732835
0.992414415945070
1.00290015999703
1.01259229278320
1.02148275313950
1.02956405533477
1.03682930552656
1.04327221908914
1.04888713868812
1.05366905292576
1.05761361530588
1.06071716317945
1.06297673623927
1.06439009404567
1.06495573199777
1.06467289512934
1.06354158911205
1.06156258790230
1.05873743756615
1.05506845596196
1.05055872814078
1.04521209752699
1.03903315315182
1.03202721341178
1.02420030699601
1.01555915175667
1.00611113237396
0.995864277685299
0.984827238507500
0.973009266683184
0.960420195942197
0.947070424992757
0.932970903065634
0.918133117941547
0.902569086311955
0.886291346170961
0.869312950819172
0.851647463986757
0.833308955551232
0.814311997336994
0.794671658529921
0.774403500315253
0.753523569440058
0.732048390503731
0.709994956881676
0.687380720279845
0.664223578997016
0.640541865030554
0.616354330201356
0.591680131492585
0.566538815796972
0.540950304253555
0.514934876328596
0.488513153762754
0.461706084470783
0.434534926445080
0.407021231683035
0.379186830131957
0.351053813626629
0.322644519782019
0.293981515798326
0.265087582135518
0.235985696018577
0.206699014741964
0.177250858749382
0.147664694472843
0.117964116920888
0.0881728320094113
0.0583146386291299
0.0284134104408578
-0.00150692261554084
-0.0314223931208582
-0.0613090153165073
-0.0911428046259152
-0.120899797607403
-0.150556072394510
-0.180087769682294
-0.209471114315181
-0.238682437522773
-0.267698199833932
-0.296495014675679
-0.325049672632451
-0.353339166303913
-0.381340715656305
-0.409031793716383
-0.436390152410222
-0.463393848304075
-0.490021267965805
-0.516251152634843
-0.542062621870792
-0.567435195847714
-0.592348815974454
-0.616783863553287
-0.640721176238237
-0.664142062118765
-0.687028311332931
-0.709362205199843
-0.731126522951174
-0.752304546228435
-0.772880061591662
-0.792837361350557
-0.812161243076413
-0.830837008180344
-0.848850459948680
-0.866187901412140
-0.882836133393751
-0.898782453037386
-0.914014653068782
-0.928521021991513
-0.942290345376814
-0.955311908371298
-0.967575499526766
-0.979071416045668
-0.989790470537500
-0.999723999384947
-1.00886387282193
-1.01720250681662
-1.02473287682725
-1.03144853344899
-1.03734361989396
-1.04241289114338
-1.04665173448749
-1.05005619102979
-1.05262297759319