
Ian M. Newsome
Wake Forest University

Data for quantum current "< J >" corresponding to times "t" from qt=-10 to qt=50 with tstep=10^-3 but saved only for every 50 steps

-3.53394964607057e-19
1.35429692112536e-11
5.58046998989674e-11
1.29162603555922e-10
2.35996599024880e-10
3.78712243362367e-10
5.59851620500551e-10
7.82107031757750e-10
1.04835536301208e-09
1.36175165354809e-09
1.72574766807207e-09
2.14415429184846e-09
2.62122078350172e-09
3.16165995620712e-09
3.77075661612618e-09
4.45440939867657e-09
5.21923426285615e-09
6.07263006717107e-09
7.02286646400678e-09
8.07922440215998e-09
9.25205014249590e-09
1.05529230280422e-08
1.19947586366894e-08
1.35919580851130e-08
1.53605741968995e-08
1.73184572533936e-08
1.94854840396150e-08
2.18837144500514e-08
2.45376796457035e-08
2.74745637450873e-08
3.07245357010852e-08
3.43210137119955e-08
3.83010388278020e-08
4.27056145048076e-08
4.75801181922316e-08
5.29747658737268e-08
5.89450781804755e-08
6.55524751027185e-08
7.28648553123320e-08
8.09572759794615e-08
8.99126809637971e-08
9.98227376806616e-08
1.10788739425288e-07
1.22922604488543e-07
1.36347984073936e-07
1.51201491700325e-07
1.67634062700180e-07
1.85812440678387e-07
2.05920853168885e-07
2.28162827596699e-07
2.52763210906793e-07
2.79970437004090e-07
3.10058991482857e-07
3.43332134754658e-07
3.80124943110144e-07
4.20807649007409e-07
4.65789345937655e-07
5.15522061185935e-07
5.70505301849706e-07
6.31291014931209e-07
6.98489141727426e-07
7.72773704409197e-07
8.54889550745336e-07
9.45659797869400e-07
1.04599409669030e-06
1.15689772984737e-06
1.27948165517864e-06
1.41497364531278e-06
1.56473058519721e-06
1.73025206245388e-06
1.91319534329877e-06
2.11539199311416e-06
2.33886622329996e-06
2.58585514518249e-06
2.85883114052091e-06
3.16052665937528e-06
3.49396154139665e-06
3.86247327244427e-06
4.26975034618112e-06
4.71986923340360e-06
5.21733514188442e-06
5.76712714672193e-06
6.37474798886412e-06
7.04627914941638e-06
7.78844174405327e-06
8.60866372391038e-06
9.51515426297510e-06
1.05169858499710e-05
1.16241850792832e-05
1.28478329974892e-05
1.42001759236352e-05
1.56947479919116e-05
1.73465065398279e-05
1.91719816938719e-05
2.11894417723952e-05
2.34190759498582e-05
2.58831962078708e-05
2.86064604309562e-05
3.16161189971158e-05
3.49422872487210e-05
3.86182465534555e-05
4.26807769999725e-05
4.71705250541456e-05
5.21324097340758e-05
5.76160714866404e-05
6.36763681365880e-05
7.03739228337014e-05
7.77757295049816e-05
8.59558217667196e-05
9.49960119387260e-05
0.000104986707489608
0.000116027812963712
0.000128229726390770
0.000141714439819878
0.000156616755093003
0.000173085626503338
0.000191285643807876
0.000211398669973156
0.000233625649599360
0.000258188605877326
0.000285332845252824
0.000315329391340435
0.000348477671531783
0.000385108482102081
0.000425587260338405
0.000470317694837861
0.000519745708172274
0.000574363849591700
0.000634716138854298
0.000701403406262680
0.000775089178208590
0.000856506161993631
0.000946463388684992
0.00104585407793503
0.00115566429419998
0.00127698246987121
0.00141100987689851
0.00155907213502141
0.00172263185163893
0.00190330249499985
0.00210286360958916
0.00232327748952431
0.00256670743230487
0.00283553770175111
0.00313239533438572
0.00346017392790128
0.00382205955339803
0.00422155893379218
0.00466253002880474
0.00514921516134658
0.00568627680977853
0.00627883617438518
0.00693251460246969
0.00765347792402311
0.00844848370532711
0.00932493136993844
0.0102909150617526
0.0113552790298878
0.0125276751964533
0.0138186224214143
0.0152395667990350
0.0168029421027797
0.0185222292347455
0.0204120132263263
0.0224880359735754
0.0247672424696812
0.0272678178145746
0.0300092117371479
0.0330121467613774
0.0362986054903833
0.0398917917852898
0.0438160599002374
0.0480968049326225
0.0527603073037263
0.0578335234593336
0.0633438146513234
0.0693186056265482
0.0757849654256276
0.0827691034171568
0.0902957753103063
0.0983875963544940
0.107064262393128
0.116341684007195
0.126231044725140
0.136737801168861
0.147860650908869
0.159590502421032
0.171909490391757
0.184790088028295
0.198194375120102
0.212073525331313
0.226367577468200
0.241005552178523
0.255905966815861
0.270977786527783
0.286121829042473
0.301232614873019
0.316200625243731
0.330914899216379
0.345265872080995
0.359148332181682
0.372464355973450
0.385126073708803
0.397058122243610
0.408199657300018
0.418505824038180
0.427948619600027
0.436517121047160
0.444217092929368
0.451070026681833
0.457111695736848
0.462390333126882
0.466964551073393
0.470901124433693
0.474272752853780
0.477155901840687
0.479628803048584
0.481769671384009
0.483655173464276
0.485359160541549
0.486951660741213
0.488498111295958
0.490058801760576
0.491688493864513
0.493436182219426
0.495344961833355
0.497451972442808
0.499788395207109
0.502379483519577
0.505244615902600
0.508397364650573
0.511845578699064
0.515591482920327
0.519631798596911
0.523957891234590
0.528555952254129
0.533407220611034
0.538488249224136
0.543771219449564
0.549224304907396
0.554812083932409
0.560495997920521
0.566234851005420
0.571985344906723
0.577702641508477
0.583340944778496
0.588854093045097
0.594196152387139
0.599322001950426
0.604187902336532
0.608752038780169
0.612975031589421
0.616820407224293
0.620255024383375
0.623249450517021
0.625778285248110
0.627820428222844
0.629359289911427
0.630382944806206
0.630884227310019
0.630860771360339
0.630314995487779
0.629254035564077
0.627689627954660
0.625637946160962
0.623119394328236
0.620158361209223
0.616782938331563
0.613024606216012
0.608917892555657
0.604500006291316
0.599810451519143
0.594890625149049
0.589783402200922
0.584532712581862
0.579183113139595
0.573779358730652
0.568365975978016
0.562986843324671
0.557684780908152
0.552501153692394
0.547475491186801
0.542645126962671
0.538044861035818
0.533706648019993
0.529659313770950
0.525928303027593
0.522535460315807
0.519498846116988
0.516832590006421
0.514546782151380
0.512647404216259
0.511136300357120
0.510011188612424
0.509265712601726
0.508889533045316
0.508868458212965
0.509184612011539
0.509816638026179
0.510739937453347
0.511926938504410
0.513347394521045
0.514968707745299
0.516756275409161
0.518673854582235
0.520683942019279
0.522748165105261
0.524827679889675
0.526883572146951
0.528877257388017
0.530770875782092
0.532527678028894
0.534112398338613
0.535491610840459
0.536634065937371
0.537511003349652
0.538096438858042
0.538367422029980
0.538304262529124
0.537890722923750
0.537114176248212
0.535965726918618
0.534440293952480
0.532536655798599
0.530257456435852
0.527609172750912
0.524602043551094
0.521249960905031
0.517570324837165
0.513583862717231
0.509314414999629
0.504788689259039
0.500035984757094
0.495087890041152
0.489977956332692
0.484741349702035
0.479414485247308
0.474034646699743
0.468639595057968
0.463267170013813
0.457954888066246
0.452739541324262
0.447656801072212
0.442740830212552
0.438023908697938
0.433536076029235
0.429304794807559
0.425354639204912
0.421707012034651
0.418379893883111
0.415387627485322
0.412740740209266
0.410445807139862
0.408505356850342
0.406917821490289
0.405677532341370
0.404774761478223
0.404195809638065
0.403923139856886
0.403935555878679
0.404208423795163
0.404713934834495
0.405421406703011
0.406297620388659
0.407307188884770
0.408412953878087
0.409576406073571
0.410758124525692
0.411918230077974
0.413016847821529
0.414014573339849
0.414872937436616
0.415554864020944
0.416025115871382
0.416250723099079
0.416201389288628
0.415849870497317
0.415172322552982
0.414148612392480
0.412762589515823
0.411002314023448
0.408860238107130
0.406333338316547
0.403423196396868
0.400136026995860
0.396482651060665
0.392478414297590
0.388143050631828
0.383500491191528
0.378578619942359
0.373408977710903
0.368026416957900
0.362468710289467
0.356776116319141
0.350990907110842
0.345156862035896
0.339318733456566
0.333521690190128
0.327810745211211
0.322230174489999
0.316822934241151
0.311630084151687
0.306690224360305
0.302038954057708
0.297708359563960
0.293726539606131
0.290117175252359
0.286899151571801
0.284086237562185
0.281686830237960
0.279703767998018
0.278134217507242
0.276969637340629
0.276195820570590
0.275793017339120
0.275736137276901
0.275995030424255
0.276534844095221
0.277316451939620
0.278296950305767
0.279430215921331
0.280667517902122
0.281958176192954
0.283250257747564
0.284491301085006
0.285629059319966
0.286612251368922
0.287391310774492
0.287919121478992
0.288151729908523
0.288049022898035
0.287575361291978
0.286700159492984
0.285398401789692
0.283651086975700
0.281445593565869
0.278775958814451
0.275643065745433
0.272054733503161
0.268025707521008
0.263577547281921
0.258738410795065
0.253542736331902
0.248030823445501
0.242248316817363
0.236245598029348
0.230077091921211
0.223800495741871
0.217475940817757
0.211165097903181
0.204930238724864
0.198833267443642
0.192934736800359
0.187292864551803
0.181962566404865
0.176994521986725
0.172434290428283
0.168321491851984
0.164689070445568
0.161562653852708
0.158960022327121
0.156890699495598
0.155355674677758
0.154347264545718
0.153849119527418
0.153836377799894
0.154275967047096
0.155127051427842
0.156341618472427
0.157865197963239
0.159637702319094
0.161594375639038
0.163666836430677
0.165784197182456
0.167874242379356
0.169864645328218
0.171684203275135
0.173264069763727
0.174538963013351
0.175448329272150
0.175937440622642
0.175958407570026
0.175471087900434
0.174443874755439
0.172854348593202
0.170689779687290
0.167947470023020
0.164634925872044
0.160769854932590
0.156379984693981
0.151502701593075
0.146184513546363
0.140480341533359
0.134452649030455
0.128170421210468
0.121708008872861
0.115143854997068
0.108559124556532
0.102036260715103
0.0956574926883052
0.0895033223116727
0.0836510176495130
0.0781731427344437
0.0731361527006115
0.0685990831121207
0.0646123611749926
0.0612167647439818
0.0584425526064848
0.0563087864827876
0.0548228615789903
0.0539802584399115
0.0537645243754114
0.0541474879746666
0.0550897053102930
0.0565411314853064
0.0584420063262295
0.0607239383953013
0.0633111672034478
0.0661219796564078
0.0690702534464612
0.0720670973879811
0.0750225566270431
0.0778473492771869
0.0804546003484962
0.0827615388446535
0.0846911245800839
0.0861735725872198
0.0871477448933955
0.0875623819070496
0.0873771485980043
0.0865634740418023
0.0851051666556912
0.0829987915318713
0.0802538006109500
0.0768924109774685
0.0729492312404719
0.0684706407224219
0.0635139309526114
0.0581462236764231
0.0524431841720725
0.0464875530260332
0.0403675235715325
0.0341749958445050
0.0280037410601041
0.0219475131691852
0.0160981459186533
0.0105436749351700
0.00536652460292240
0.000641798864278800
-0.00356428649421460
-0.00719579500072195
-0.0102082524267965
-0.0125695940466308
-0.0142608537828963
-0.0152765784272942
-0.0156249562573302
-0.0153276558372198
-0.0144193774204172
-0.0129471259748084
-0.0109692212494039
-0.00855406631698713
-0.00577870149848660
-0.00272717536305263
0.000511231512424354
0.00384389123719560
0.00717678080431962
0.0104164596488614
0.0134720301955461
0.0162570397360854
0.0186912835756738
0.0207024718086547
0.0222277252432955
0.0232148698051761
0.0236235031118692
0.0234258117306465
0.0226071228085556
0.0211661792039083
0.0191151328568924
0.0164792568224711
0.0132963820616644
0.00961607065752073
0.00549854250104934
0.00101337758764174
-0.00376197921445041
-0.00874387980977533
-0.0138442661310230
-0.0189725571613525
-0.0240375895817911
-0.0289495704187295
-0.0336219994655669
-0.0379735195809007
-0.0419296542514077
-0.0454243940529924
-0.0484015968240280
-0.0508161704246719
-0.0526350118132738
-0.0538376817114971
-0.0544168002159972
-0.0543781551875994
-0.0537405219330740
-0.0525351994069638
-0.0508052747149992
-0.0486046339178938
-0.0459967428470415
-0.0430532267050267
-0.0398522815106747
-0.0364769538657580
-0.0330133280045016
-0.0295486606043082
-0.0261695043835208
-0.0229598611143888
-0.0199994033847626
-0.0173618023216149
-0.0151131956242159
-0.0133108267446601
-0.0120018819959690
-0.0112225478714449
-0.0109973060255400
-0.0113384782981658
-0.0122460289591488
-0.0137076260988092
-0.0156989588826797
-0.0181843023053727
-0.0211173162006111
-0.0244420606667441
-0.0280942058236194
-0.0320024099988331
-0.0360898371187716
-0.0402757813161435
-0.0444773646252391
-0.0486112721692862
-0.0525954884994194
-0.0563509987534413
-0.0598034190829065
-0.0628845223531292
-0.0655336274309007
-0.0676988234026474
-0.0693380037510468
-0.0704196897778215
-0.0709236272967661
-0.0708411457135618
-0.0701752739302717
-0.0689406129226252
-0.0671629701947238
-0.0648787664802371
-0.0621342298976127
-0.0589843971599073
-0.0554919452836022
-0.0517258804516256
-0.0477601132043865
-0.0436719509174185
-0.0395405395678202
-0.0354452870945902
-0.0314643002564856
-0.0276728658255946
-0.0241420052891001
-0.0209371300356882
-0.0181168213525260
-0.0157317565380742
-0.0138237991238295
-0.0124252676735366
-0.0115583939693779
-0.0112349776671911
-0.0114562407738556
-0.0122128816243542
-0.0134853244680417
-0.0152441573575393
-0.0174507478134847
-0.0200580227506736
-0.0230113964337373
-0.0262498278154376
-0.0297069865304201
-0.0333125051010041
-0.0369932935875522
-0.0406748920071082
-0.0442828353720130
-0.0477440061786058
-0.0509879496137236
-0.0539481276431451
-0.0565630894927153
-0.0587775378090275
-0.0605432719627852
-0.0618199924935333
-0.0625759535358431
-0.0627884531550710
-0.0624441547857536
-0.0615392363313769
-0.0600793668744191
-0.0580795142783918
-0.0555635901630559
-0.0525639417266512
-0.0491207026088886
-0.0452810173798396
-0.0410981562564396
-0.0366305382580462
-0.0319406821946737
-0.0270941056290227
-0.0221581922717019
-0.0172010481742726
-0.0122903666032784
-0.00749232064483231
-0.00287050144416242
0.00151508142788595
0.00560892262177736
0.00936085361535039
0.0127267741567529
0.0156692734373797
0.0181581339462360
0.0201707130219977
0.0216921991596890
0.0227157421166434
0.0232424577752826
0.0232813105391251
0.0228488777465529
0.0219690021728091
0.0206723401423733
0.0189958140834562
0.0169819795148616
0.0146783174573183
0.0121364640981172
0.00941139020611753
0.00656054328562929
0.00364296576957843
0.000718402679795269
-0.00215358787746555
-0.00491450825954500
-0.00750776619199892
-0.00987947895811290
-0.0119792255945797
-0.0137607367708102
-0.0151825131379851
-0.0162083641772339
-0.0168078609334309
-0.0169566974671971
-0.0166369573706049
-0.0158372832387312
-0.0145529485448827
-0.0127858328993960
-0.0105443031540320
-0.00784300421578203
-0.00470256473349862
-0.00114922399206075
0.00278561262338511
0.00706588136344621
0.0116514221237370
0.0164985852784124
0.0215608735443473
0.0267896089120671
0.0321346146764185
0.0375449027538990
0.0429693567725240
0.0483574018476502
0.0536596524981643
0.0588285307933252
0.0638188475342055
0.0685883400474351
0.0730981609869220
0.0773133133844221
0.0812030280486275
0.0847410802745742
0.0879060436729290
0.0906814797627090
0.0930560627731508
0.0950236398711375
0.0965832277624080
0.0977389473027838
0.0984998983986865
0.0988799780697647
0.0988976450909871
0.0985756351210250
0.0979406306646268
0.0970228905986982
0.0958558443185114
0.0944756558361803
0.0929207633715664
0.0912314001341699
0.0894491020882696
0.0876162085292520
0.0857753612722590
0.0839690081696305
0.0822389165261847
0.0806257017776681
0.0791683765343745
0.0779039247777479
0.0768669056282153
0.0760890906902866
0.0755991385248113
0.0754223093049407
0.0755802221931995
0.0760906574329343
0.0769674045871035
0.0782201577937616
0.0798544583418132
0.0818716843155578
0.0842690865161734
0.0870398693533421
0.0901733149156743
0.0936549479786961
0.0974667393030009
0.101587344213643
0.105992373136612
0.110654690509872
0.115544738271464
0.120630879973439
0.125879761456834
0.131256683969185
0.136725985591850
0.142251426877641
0.147796576673619
0.153325194209862
0.158801603684946
0.164191057748044
0.169460086476088
0.174576828671314
0.179511342539944
0.184235893073746
0.188725213725552
0.192956740251371
0.196910814884065
0.200570859298212
0.203923515130893
0.206958751126730
0.209669936287289
0.212053878705287
0.214110830081305
0.215844456213433
0.217261774058373
0.218373056249817
0.219191704245007
0.219734091547925
0.220019378711493
0.220069302075909
0.219907938424027
0.219561447947411
0.219057798104685
0.218426471122650
0.217698158028259
0.216904442214938
0.216077475635440
0.215249650767265
0.214453271525574
0.213720226299764
0.213081666251148
0.212567691952544
0.212207051359838
0.212026851981393
0.212052289978674
0.212306398749670
0.212809819365694
0.213580595017497
0.214633991397522
0.215982344702491
0.217634938690909
0.219597911947037
0.221874196249545
0.224463486652933
0.227362243606260
0.230563727160679
0.234058063027208
0.237832339966663
0.241870737730550
0.246154684484232
0.250663042397090
0.255372319813413
0.260256908189577
0.265289341723391
0.270440577396872
0.275680292920741
0.280977199883970
0.286299369208899
0.291614565862694
0.296890589606742
0.302095618453358
0.307198551379849
0.312169346794940
0.316979353171334
0.321601628283583
0.326011243480407
0.330185569491912
0.334104540377236
0.337750892350990
0.341110374414807
0.344171927958585
0.346927832757251
0.349373817111983
0.351509130242375
0.353336575422260
0.354862502788540
0.356096761199947
0.357052609003983
0.357746584053762
0.358198333844121
0.358430407107674
0.358468008740550
0.358338720391424
0.358072189526571
0.357699790214696
0.357254259278126
0.356769311821417
0.356279240473475
0.355818502926116
0.355421302590028
0.355121167334067
0.354950531368607
0.354940325391530
0.355119580079787
0.355515047941177
0.356150848398281
0.357048140797129
0.358224829765546
0.359695307068189
0.361470233738217
0.363556365872696
0.365956427042428
0.368669029767231
0.371688647989167
0.375005641917510
0.378606336014387
0.382473150268664
0.386584784254547
0.390916452807853
0.395440171447257
0.400125089002724
0.404937864196175
0.409843082247993
0.414803706907097
0.419781562679696
0.424737841411299
0.429633626850747
0.434430430336654
0.439090730346474
0.443578508336589
0.447859773098698
0.451903065751126
0.455679937528604
0.459165392676637
0.462338289064694
0.465181689539227
0.467683157634253
0.469834991921106
0.471634394119014
0.473083567006660
0.474189739211926
0.474965115054994
0.475426748789729
0.475596343807858
0.475499978572947
0.475167762291443
0.474633424485424
0.473933843806909
0.473108522441768
0.472199013461625
0.471248309315420
0.470300200375222
0.469398613058139
0.468586937484592
0.467907354915308
0.467400175355905
0.467103195689258
0.467051088523418
0.467274831606191
0.467801187184029
0.468652240060659
0.469845002376816
0.471391092228624
0.473296492282482
0.475561393422775
0.478180127312707
0.481141190440126
0.484427360917741
0.488015907872904
0.491878891871021
0.495983553315492
0.500292784330025
0.504765678178834
0.509358148856487
0.514023612148172
0.518713718215654
0.523379124593238
0.527970297504289
0.532438328600273
0.536735753548411
0.540817358543607
0.544640960621451
0.548168147759138
0.551364965109827
0.554202534377583
0.556657594222137
0.558712950808395
0.560357829007072
0.561588116440299
0.562406494405228
0.562822451724102
0.562852179702491
0.562518348571054
0.561849768029996
0.560880936677283
0.559651487277462
0.558205536780366
0.556590951886402
0.554858542547139
0.553061197247609
0.551252975014759
0.549488169986855
0.547820364950896
0.546301490518671
0.544980906608663
0.543904522556699
0.543113971604253
0.542645854640535
0.542531066958962
0.542794220435800
0.543453172000121
0.544518667534443
0.545994108427678
0.547875445998793
0.550151206885690
0.552802650254126
0.555804055463896
0.559123136529668
0.562721577456745
0.566555680338170
0.570577115947358
0.574733764576517
0.578970633004727
0.583230831861309
0.587456596223843
0.591590331165055
0.595575663161277
0.599358477793055
0.602887924081798
0.606117366086177
0.609005263075994
0.611515960704593
0.613620377082041
0.615296569485023
0.616530169675234
0.617314678255514
0.617651611238350
0.617550494945661
0.617028708362293
0.616111175187090
0.614829910861254
0.613223432843138
0.611336045161465
0.609217010879175
0.606919628322970
0.604500228918238
0.602017115970780
0.599529464921284
0.597096206282172
0.594774912787140
0.592620712111371
0.590685245986370
0.589015695555448
0.587653891512665
0.586635525895231
0.585989480437081
0.585737284184817
0.585892710634528
0.586461522030512
0.587441365757783
0.588821824890893
0.590584622163228
0.592703973699658
0.595147086113068
0.597874787819514
0.600842282874577
0.604000013274114
0.607294613485975
0.610669939140356
0.614068150236884
0.617430828031231
0.620700103946567
0.623819778481233
0.626736408072269
0.629400338424320
0.631766663689088
0.633796092296542
0.635455702012614
0.636719568991162
0.637569258133733
0.637994164865158
0.637991701526623
0.637567324782081
0.636734403746196
0.635513931852509
0.633934088717194
0.632029661350970
0.629841336918390
0.627414881849843
0.624800224334260
0.622050459074013
0.619220794606941
0.616367464462626
0.613546623970488
0.610813254580618
0.608220097173111
0.605816635030304
0.603648145961856
0.601754841496392
0.600171109171887
0.598924871838185
0.598037075472320
0.597521314480121
0.597383600779845
0.597622280166266
0.598228096707841
0.599184403094128
0.600467512173741
0.602047182258733
0.603887226320509
0.605946232891456
0.608178384414541
0.610534356985670
0.612962283898355
0.615408764231118
0.617819896857422
0.620142319814220
0.622324234878400
0.624316397521868
0.626073053155315
0.627552801654148
0.628719373648862
0.629542303905169
0.629997489212764
0.630067620620695
0.629742482437578
0.629019113173661
0.627901826413438
0.626402092464697
0.624538284427831
0.622335295002986
0.619824032860107
0.617040809678586
0.614026630944808
0.610826405284275
0.607488088439585
0.604061778956136
0.600598783244449
0.597150667909171
0.593768317090639
0.590501012081837
0.587395549705036
0.584495414841096
0.581840021167563
0.579464032651561
0.577396776599486
0.575661757250672
0.574276276942245
0.573251169882138
0.572590651554342
0.572292284748306
0.572347061235356
0.572739596196820
0.573448430684858
0.574446435666007
0.575701309623232
0.577176160237769
0.578830159415819
0.580619259820808
0.582496960175797
0.584415105937221
0.586324711455275
0.588176789513578
0.589923174138861
0.591517322815528
0.592915084701053
0.594075422154894
0.594961073813896
0.595539148567483
0.595781641119157
0.595665861260239
0.595174770632398
0.594297222428498
0.593028101251975
0.591368362177279
0.589324969822046
0.586910739990123
0.584144088096422
0.581048690146437
0.577653063417004
0.573990075221314
0.570096389185211
0.566011859275114
0.561778882431862
0.557441721089529
0.553045806986009
0.548637037699752
0.544261077080977
0.539962670355354
0.535784984106593
0.531768980629709
0.527952835305230
0.524371404731000
0.521055752303506
0.518032736929185
0.515324669377436
0.512949039744533
0.510918318319946
0.509239831097084