
Ian M. Newsome
Wake Forest University

Data for quantum current "< J >" corresponding to times "t" from qt=0 to qt=50 with tstep=10^-3 but saved only for every 50 steps

3.00385719915999e-18
0.000383615100282423
0.00147303122701602
0.00317101735384131
0.00537778063224431
0.00799402716188774
0.0109228739003709
0.0140711920147916
0.0173506059353698
0.0206782582700739
0.0239774019422452
0.0271778566953912
0.0302163538715041
0.0330367856074394
0.0355903697898254
0.0378357390063123
0.0397389596631352
0.0412734860333769
0.0424200530419156
0.0431665109525857
0.0435076047191331
0.0434447005428261
0.0429854621086504
0.0421434790238927
0.0409378501352259
0.0393927246373081
0.0375368041897583
0.0354028096183046
0.0330269161735710
0.0304481617467133
0.0277078328809413
0.0248488338606549
0.0219150445933070
0.0189506734130272
0.0159996113171000
0.0131047944871603
0.0103075822357917
0.00764715774465138
0.00515995911224232
0.00287914829738573
0.000834125515692730
-0.000949903489137149
-0.00245230013199699
-0.00365729884961219
-0.00455423988583931
-0.00513772342332819
-0.00540768032596062
-0.00536935576153996
-0.00503320314987221
-0.00441468722395394
-0.00353399649488595
-0.00241566706188173
-0.00108812148613230
0.000416871677250463
0.00206481015998894
0.00381913259027045
0.00564194403613155
0.00749477927059722
0.00933938889806452
0.0111385320676147
0.0128567583937066
0.0144611609755984
0.0159220821215104
0.0172137535942007
0.0183148539438961
0.0192089668125341
0.0198849259815481
0.0203370353803127
0.0205651552354976
0.0205746489588233
0.0203761891511344
0.0199854251392572
0.0194225186271397
0.0187115581915611
0.0178798673334342
0.0169572244544809
0.0159750163116197
0.0149653490742708
0.0139601429451478
0.0129902373103936
0.0120845334943875
0.0112692013739650
0.0105669743574572
0.00999655461793625
0.00957214703567910
0.00930313620481982
0.00919391621145993
0.00924387787315295
0.00944755293659816
0.00979490953781270
0.0102717882391474
0.0108604633524511
0.0115403101833618
0.0122885554491605
0.0130810855103646
0.0138932853073112
0.0147008800327386
0.0154807516085328
0.0162117029441323
0.0168751446860209
0.0174556816650063
0.0179415794143046
0.0183250949094829
0.0186026599599223
0.0187749103915374
0.0188465591978537
0.0188261171178541
0.0187254695032817
0.0185593237442148
0.0183445467798034
0.0180994171366906
0.0178428203118208
0.0175934198951244
0.0173688393694620
0.0171848907474677
0.0170548859010375
0.0169890643856063
0.0169941676672516
0.0170731838947897
0.0172252798316626
0.0174459275417018
0.0177272232715142
0.0180583852329448
0.0184264063163939
0.0188168278121985
0.0192145917846462
0.0196049234651408
0.0199741915278904
0.0203106938238145
0.0206053193011055
0.0208520433958692
0.0210482239246115
0.0211946768420244
0.0212955254550538
0.0213578318319314
0.0213910341793089
0.0214062277897298
0.0214153387327616
0.0214302478618922
0.0214619272079444
0.0215196509564970
0.0216103387987043
0.0217380806627676
0.0219038791437702
0.0221056301909863
0.0223383447852277
0.0225945957888438
0.0228651562161877
0.0231397793272397
0.0234080585536156
0.0236602974558620
0.0238883176283813
0.0240861361057254
0.0242504534518433
0.0243809087453648
0.0244800771014846
0.0245532076378376
0.0246077230519621
0.0246525240722035
0.0246971608856315
0.0247509472584309
0.0248220999195083
0.0249169848794297
0.0250395435049386
0.0251909548670275
0.0253695685503494
0.0255711156744893
0.0257891780466317
0.0260158688045802
0.0262426555705653
0.0264612414534859
0.0266644121015776
0.0268467594962840
0.0270052053701597
0.0271392679001954
0.0272510428276695
0.0273449014125018
0.0274269392942470
0.0275042388239448
0.0275840293591894
0.0276728425903459
0.0277757614832042
0.0278958512467666
0.0280338398307494
0.0281880859337047
0.0283548377834917
0.0285287501440274
0.0287035945874636
0.0288730732306453
0.0290316322586124
0.0291751707668710
0.0293015531799767
0.0294108584724193
0.0295053336234346
0.0295890578609925
0.0296673631320434
0.0297460896173729
0.0298307781857767
0.0299259111363805
0.0300343066149957
0.0301567512748018
0.0302919226601488
0.0304366117997450
0.0305862134594892
0.0307354124916364
0.0308789657187956
0.0310124641429921
0.0311329626496519
0.0312393836801790
0.0313326350707679
0.0314154255377277
0.0314918075968729
0.0315665199986217
0.0316442332223463
0.0317288170900767
0.0318227463528960
0.0319267382819421
0.0320396791244271
0.0321588494859579
0.0322804097908289
0.0324000640089737
0.0325137900990113
0.0326185143032061
0.0327126157154578
0.0327961763118383
0.0328709350955019
0.0329399560445602
0.0330070692834203
0.0330761846567733
0.0331505994435579
0.0332324231117935
0.0333222211674888
0.0334189408472545
0.0335201303857380
0.0336224101326637
0.0337221075992002
0.0338159382886465
0.0339016056961152
0.0339782090322753
0.0340463835063041
0.0341081486877561
0.0341664961075350
0.0342247972056793
0.0342861472387646
0.0343527729651645
0.0344256191713073
0.0345041936858572
0.0345866991567489
0.0346704227231918
0.0347523031301855
0.0348295593086840
0.0349002523312718
0.0349636666650484
0.0350204340633082
0.0350723768354886
0.0351221055601711
0.0351724574621484
0.0352258948637956
0.0352839910919682
0.0353471122922335
0.0354143613413593
0.0354837936374759
0.0355528558325240
0.0356189504901430
0.0356800025626467
0.0357349037239376
0.0357837380191950
0.0358277410693191
0.0358690045442662
0.0359099944647445
0.0359529932797167
0.0359995923636354
0.0360503493286237
0.0361046864173789
0.0361610505234844
0.0362172950679747
0.0362711928750308
0.0363209593390730
0.0363656634930405
0.0364054317365206
0.0364413984345746
0.0364754179211881
0.0365096090780557
0.0365458432868722
0.0365852993626263
0.0366281921661122
0.0366737387951073
0.0367203680384560
0.0367661193500348
0.0368091314710792
0.0368480994690126
0.0368825876261902
0.0369131222055548
0.0369410435442474
0.0369681572636220
0.0369962745589452
0.0370267587318476
0.0370601926454004
0.0370962500123842
0.0371338008021187
0.0371712207257406
0.0372068226064548
0.0372392966585644
0.0372680454084735
0.0372933274088885
0.0373161746438377
0.0373381081173974
0.0373607290236522
0.0373852950350480
0.0374123942024496
0.0374418019908300
0.0374725573369941
0.0375032346812860
0.0375323365217950
0.0375586992793378
0.0375818026989196
0.0376019001735801
0.0376199369402950
0.0376372811928083
0.0376553441603797
0.0376751948309191
0.0376972754270963
0.0377212947462260
0.0377463264370128
0.0377710820155990
0.0377942800484199
0.0378150069620906
0.0378329683384471
0.0378485615765878
0.0378627519112933
0.0378767895924201
0.0378918507203263
0.0379087049557070
0.0379275045877163
0.0379477536167396
0.0379684632128234
0.0379884463967759
0.0380066650282052
0.0380225282406044
0.0380360566039566
0.0380478662815964
0.0380589803904381
0.0380705250745770
0.0380834007079063
0.0380980249684577
0.0381142220996304
0.0381312887041791
0.0381482140571974
0.0381639872977617
0.0381778992410440
0.0381897490849577
0.0381998959322072
0.0382091421054951
0.0382184856879819
0.0382288184788049
0.0382406609133872
0.0382540132158735
0.0382683659190448
0.0382828642011983
0.0382965740263330
0.0383087678261469
0.0383191427380543
0.0383279059992070
0.0383357035541376
0.0383434161122693
0.0383518870683059
0.0383616667031070
0.0383728508789805
0.0383850622442155
0.0383975774458838
0.0384095587277797
0.0384203166093817
0.0384295218708455
0.0384373019271318
0.0384441935456548
0.0384509689396180
0.0384583914803458
0.0384669783302418
0.0384768440879610
0.0384876729767814
0.0384988262812769
0.0385095491465575
0.0385192102232916
0.0385274983551320
0.0385345151703360
0.0385407361122243
0.0385468544235095
0.0385535592848396
0.0385613192983225
0.0385702396907974
0.0385800372170642
0.0385901386332441
0.0385998693585097
0.0386086708143956
0.0386162767886038
0.0386227933572063
0.0386286585936277
0.0386344969631089
0.0386409167619077
0.0386483162721123
0.0386567605598827
0.0386659670457812
0.0386754026814842
0.0386844596072185
0.0386926516172794
0.0386997680673558
0.0387059365595874
0.0387115758869285
0.0387172563364508
0.0387235139499036
0.0387306792538236
0.0387387754144481
0.0387475172790510
0.0387564097790443
0.0387649121024412
0.0387726135211013
0.0387793637889788
0.0387853169491077
0.0387908758989282
0.0387965575218319
0.0388028234136719
0.0388099315921151
0.0388178567563662
0.0388263036105423
0.0388348072896605
0.0388428866951864
0.0388502002502396
0.0388566535873327
0.0388624252514864
0.0388679036972359
0.0388735576034351
0.0388797827788148
0.0388867756362155
0.0388944736224923
0.0389025806015484
0.0389106672948403
0.0389183128215658
0.0389252407159812
0.0389314055349583
0.0389370030254170
0.0389424020096953
0.0389480216217679
0.0389541945624643
0.0389610609068143
0.0389685261447008
0.0389762957116995
0.0389839734039077
0.0389911906384306
0.0389977242894481
0.0390035653717424
0.0390089174356909
0.0390141266332886
0.0390195673321587
0.0390255209958132
0.0390320873610222
0.0390391558082381
0.0390464448299319
0.0390535955586717
0.0390602881441637
0.0390663433425615
0.0390717769378348
0.0390767906749696
0.0390817038517755
0.0390868487329295
0.0390924638687684
0.0390986194345322
0.0391051976910157
0.0391119336463381
0.0391185016665334
0.0391246196056976
0.0391301370116688
0.0391350797956376
0.0391396381613856
0.0391441028462198
0.0391487709782066
0.0391538518955095
0.0391594026565025
0.0391653128789962
0.0391713426000573
0.0391772000718760
0.0391826341667638
0.0391875121364951
0.0391918586534219
0.0391958448042837
0.0391997316108448
0.0392037866643982
0.0392082004765628
0.0392130285399928
0.0392181765033772
0.0392234321036273
0.0392285328934259
0.0392332480023043
0.0392374484728046
0.0392411446277636
0.0392444799243776
0.0392476840386822
0.0392510006205740
0.0392546123906827
0.0392585864771169
0.0392628562918551
0.0392672444790865
0.0392715190575830
0.0392754649258382
0.0392789486699643
0.0392819572808127
0.0392845997223938
0.0392870717467710
0.0392895954228969
0.0392923521140354
0.0392954291400871
0.0392987956744557
0.0393023143892632
0.0393057844750153
0.0393090025310174
0.0393118228486875
0.0393141992853758
0.0393161968907680
0.0393179705899671
0.0393197180116092
0.0393216209518492
0.0393237928295660
0.0393262473021601
0.0393288966283549
0.0393315794823126
0.0393341094297011
0.0393363295317286
0.0393381572026454
0.0393396067065384
0.0393407833915314
0.0393418520884845
0.0393429893045445
0.0393443332331778
0.0393459457978089
0.0393477971343286
0.0393497762860280
0.0393517243898707
0.0393534805148894
0.0393549269168814
0.0393560212271957
0.0393568069109049
0.0393573997066117
0.0393579544767926
0.0393586221110613
0.0393595085813310
0.0393606473117423
0.0393619920040038
0.0393634313302789
0.0393648209064486
0.0393660233713122
0.0393669456222714
0.0393675632155075
0.0393679258239077
0.0393681427833164
0.0393683531636802
0.0393686887197324
0.0393692396814558
0.0393700323539745
0.0393710240038647
0.0393721158781712
0.0393731804435387
0.0393740953724837
0.0393747752948537
0.0393751931687758
0.0393753861488424
0.0393754448902035
0.0393754895001495
0.0393756386479565
0.0393759798316591
0.0393765482934665
0.0393773195385370
0.0393782169882897
0.0393791323413604
0.0393799532447003
0.0393805912161582
0.0393810029203952
0.0393811998353941
0.0393812443019455
0.0393812333114667
0.0393812743832003
0.0393814595441979
0.0393818437188109
0.0393824325420580
0.0393831821955599
0.0393840109114771
0.0393848190557922
0.0393855127875566
0.0393860257300025
0.0393863335967888
0.0393864586684725
0.0393864634231740
0.0393864351422319
0.0393864652726048
0.0393866284499760
0.0393869658776636
0.0393874767107505
0.0393881190530179
0.0393888200435999
0.0393894924865066
0.0393900541456747
0.0393904453627290
0.0393906412543057
0.0393906559861712
0.0393905385237945
0.0393903610208950
0.0393902026464046
0.0393901323822430
0.0393901945168373
0.0393903997553613
0.0393907236130122
0.0393911121903248
0.0393914937867086
0.0393917938820065
0.0393919501819644
0.0393919247451855
0.0393917107890447
0.0393913330798181
0.0393908419861528
0.0393903026692879
0.0393897817153830
0.0393893339373390
0.0393889918689281
0.0393887599811240
0.0393886144567057
0.0393885084179306
0.0393883813906619
0.0393881710139006
0.0393878247667354
0.0393873094690509
0.0393866169193409
0.0393857647552380
0.0393847925754445
0.0393837542456579
0.0393827078803408
0.0393817054502614
0.0393807838607492
0.0393799590007200
0.0393792237347306
0.0393785499753454
0.0393778943484833
0.0393772063075675
0.0393764371731669
0.0393755485954124
0.0393745189513428
0.0393733467325630
0.0393720504851043
0.0393706654606252
0.0393692376412771
0.0393678162537467
0.0393664460501686
0.0393651605453504
0.0393639773301970
0.0393628960015313
0.0393618990687150
0.0393609553498999
0.0393600253980049
0.0393590679705600
0.0393580465075649
0.0393569345934433
0.0393557197270438
0.0393544048595675
0.0393530075458131
0.0393515570600362
0.0393500898108137
0.0393486439616266
0.0393472539745625
0.0393459457971774
0.0393447335129276
0.0393436176304709
0.0393425853038760
0.0393416123263215
0.0393406665249163
0.0393397120495376
0.0393387139331116
0.0393376423502927
0.0393364759047374
0.0393352038079877
0.0393338264584546
0.0393323546529665
0.0393308074897307
0.0393292092898987
0.0393275860144371
0.0393259616395234
0.0393243549304803
0.0393227769171887
0.0393212294509659
0.0393197048715557
0.0393181867758807
0.0393166518060673
0.0393150721253841
0.0393134183152233
0.0393116623291334
0.0393097802325748
0.0393077543032838
0.0393055745553195
0.0393032392754895
0.0393007547890880
0.0392981344528263
0.0392953969953815
0.0392925644567530
0.0392896599593646
0.0392867055328887
0.0392837202111531
0.0392807185766531
0.0392777098125574
0.0392746974532274
0.0392716796120602
0.0392686498851393
0.0392655985084200
0.0392625139258254
0.0392593843881350
0.0392561995401524
0.0392529518347544
0.0392496376218903
0.0392462578347406
0.0392428183096545
0.0392393295998357
0.0392358064373051
0.0392322668249792
0.0392287309005948
0.0392252196101559
0.0392217533855286
0.0392183507934831
0.0392150273917364
0.0392117947554551
0.0392086597534638
0.0392056241377770
0.0392026844284805
0.0391998320300155
0.0391970536492403
0.0391943318944632
0.0391916459936601
0.0391889726520791
0.0391862869166122
0.0391835630264570
0.0391807751773410
0.0391778982560922
0.0391749083772339
0.0391717833204694
0.0391685028771116
0.0391650489614532
0.0391614057616190
0.0391575596420299
0.0391534991624187
0.0391492149013990
0.0391446993633382
0.0391399468900406
0.0391349535635310
0.0391297172241627
0.0391242374716851
0.0391185157611123
0.0391125555675709
0.0391063625156622
0.0390999446357165
0.0390933124945825
0.0390864794621475
0.0390794617779910
0.0390722786873976
0.0390649524229749
0.0390575080699778
0.0390499733951275
0.0390423784498859
0.0390347551016594
0.0390271364045942
0.0390195558373909
0.0390120464489838
0.0390046398812736
0.0389973653185596
0.0389902483821691
0.0389833100279153
0.0389765654601142
0.0389700230820917
0.0389636835648899
0.0389575390676038
0.0389515726229597
0.0389457577596311
0.0389400583634023
0.0389344288306974
0.0389288145518592
0.0389231526973068
0.0389173733410582
0.0389114009217213
0.0389051559992213
0.0388985573046297
0.0388915240223797
0.0388839783016390
0.0388758478275468
0.0388670684782682
0.0388575869482306
0.0388473631876565
0.0388363726832628
0.0388246082718000
0.0388120816406117
0.0387988241885120
0.0387848873081165
0.0387703419448009
0.0387552773640998
0.0387397991914256
0.0387240266040054
0.0387080887486695
0.0386921205127315
0.0386762576363786
0.0386606313706404
0.0386453628466317
0.0386305573158610
0.0386162985755703
0.0386026437127960
0.0385896185820456
0.0385772141116005
0.0385653838237086
0.0385540427679167
0.0385430679810281
0.0385323007212071
0.0385215505104157
0.0385106009303415
0.0384992171176348
0.0384871548412580
0.0384741706884868
0.0384600332220439
0.0384445344240918
0.0384275010224306
0.0384088050654881
0.0383883730785977
0.0383661932843036
0.0383423202207536
0.0383168762780262
0.0382900497513843
0.0382620892039074
0.0382332940481489
0.0382040015160827
0.0381745703649465
0.0381453620274201
0.0381167199445964
0.0380889481980207
0.0380622906409602
0.0380369118238857
0.0380128811093408
0.0379901612135920
0.0379686023997810
0.0379479432466563
0.0379278185073737
0.0379077743342591
0.0378872905485479
0.0378658091388178
0.0378427675988697
0.0378176354183530
0.0377899513292186
0.0377593588546596
0.0377256373948489
0.0376887261869285
0.0376487386681461
0.0376059652819039
0.0375608633727360
0.0375140336682076
0.0374661840075801
0.0374180817327989
0.0373704975790368
0.0373241447184016
0.0372796173750825
0.0372373340771950
0.0371974907134081
0.0371600282219768
0.0371246191192558
0.0370906757388814
0.0370573815844382
0.0370237451179447
0.0369886733339628
0.0369510602686933
0.0369098837001896
0.0368643018764328
0.0368137410823364
0.0367579649208918
0.0366971169619097
0.0366317300263588
0.0365626982619807
0.0364912112715867
0.0364186535490147
0.0363464763615506
0.0362760528325623
0.0362085300251951
0.0361446932837617
0.0360848588013885
0.0360288084543776
0.0359757780496581
0.0359245049894357
0.0358733353085334
0.0358203832602473
0.0357637294652320
0.0357016379370143
0.0356327679625839
0.0355563548275581
0.0354723347327215
0.0353813936213272
0.0352849271366345
0.0351849089517873
0.0350836762585138
0.0349836527637106
0.0348870399842380
0.0347955148522741
0.0347099744667596
0.0346303666570584
0.0345556369722799
0.0344838092855349
0.0344122003637524
0.0343377493175470
0.0342574246213729
0.0341686561962784
0.0340697314212823
0.0339600931810060
0.0338404870319131
0.0337129224691557
0.0335804386622058
0.0334466947703080
0.0333154346868212
0.0331899008218275
0.0330722870554001
0.0329633230860664
0.0328620693803732
0.0327659740988580
0.0326712038933583
0.0325732145452125
0.0324674826467075
0.0323502840045311
0.0322193854212509
0.0320745195497105
0.0319175399327252
0.0317522022161030
0.0315835819215935
0.0314172082126865
0.0312580541548551
0.0311095642477319
0.0309729095010258
0.0308466329048667
0.0307267857208924
0.0306075661447736
0.0304823710477105
0.0303450793462474
0.0301913212519267
0.0300194687243458
0.0298311176981265
0.0296309206822398
0.0294257558668423
0.0292233621998381
0.0290306989729339
0.0288523722963556
0.0286894858648470
0.0285392079689233
0.0283952076065304
0.0282489240125354
0.0280914352738080
0.0279155295276992
0.0277174998535052
0.0274982096408309
0.0272631151804044
0.0270211631451920
0.0267827545705699
0.0265572184738327
0.0263504006498603
0.0261629942936641
0.0259900987101616
0.0258222104341619
0.0256474879435054
0.0254547768589166
0.0252366339597803
0.0249915263163754
0.0247245415700204
0.0244463066016891
0.0241702915333990
0.0239091497209820
0.0236710740395769
0.0234572240629309
0.0232610498680432
0.0230698433698868
0.0228682090449919
0.0226425425457615
0.0223852265328297
0.0220972379244939
0.0217882513400047
0.0214740364563752
0.0211717877341280
0.0208947352943576
0.0206477223816681
0.0204252506084766
0.0202127986793577
0.0199911959395989
0.0197427921224764
0.0194574611013363
0.0191363837299097
0.0187921639054265
0.0184449972292620
0.0181159755181528
0.0178197058878871
0.0175588312317574
0.0173225463430553
0.0170899058006082
0.0168370194753646
0.0165457246757330
0.0162105945854791
0.0158415402409924
0.0154607397152424
0.0150947138996438
0.0147643072313457